+--------+----------+-------------+
| cuenta | saldo    | movimientos |
+--------+----------+-------------+
| 1001   |  8578.00 |          23 |
| 1002   |   349.00 |          12 |
| 1003   |   725.50 |          15 |
| 1004   |   374.50 |          19 |
| 1005   |  1525.50 |          19 |
| 2001   |   750.00 |           2 |
| 2002   |   650.00 |           2 |
| 2003   | -4000.00 |           7 |
| 2004   | -1600.00 |           7 |
| 2005   | -1000.00 |           2 |
| 3001   |  1030.00 |           7 |
| 3002   |   500.00 |           6 |
| 3003   |   200.00 |           6 |
| 3004   |  -190.00 |           3 |
| 3005   |   -90.00 |           5 |
+--------+----------+-------------+
